Исходный массив:
39, 83, 84, 10, 24, 27, 1, 37, 94, 78, 36, 18, 47, 96, 93, 
Отсортированный массив:
1, 10, 18, 24, 27, 36, 37, 39, 47, 78, 83, 84, 93, 94, 96, 

Исходный массив:
10, 50, 32, 47, 1, 22, 98, 52, 87, 85, 98, 9, 57, 80, 95, 
Отсортированный массив:
1, 9, 10, 22, 32, 47, 50, 52, 57, 80, 85, 87, 95, 98, 98, 

Исходный массив:
92, 6, 6, 63, 35, 62, 80, 25, 63, 74, 30, 56, 34, 38, 80, 60, 99, 22, 21, 71, 14, 86, 43, 50, 39, 67, 60, 73, 43, 59, 
Отсортированный массив:
6, 6, 14, 21, 22, 25, 30, 34, 35, 38, 39, 43, 43, 50, 56, 59, 60, 60, 62, 63, 63, 67, 71, 73, 74, 80, 80, 86, 92, 99, 

Исходный массив:
10, 97, 24, 3, 75, 
Отсортированный массив:
3, 10, 24, 75, 97, 

Исходный массив:
84, 81, 7, 
Отсортированный массив:
7, 81, 84, 

Исходный массив:
96, 97, 26, 43, 94, 70, 30, 90, 75, 81, 25, 46, 5, 7, 64, 
Отсортированный массив:
5, 7, 25, 26, 30, 43, 46, 64, 70, 75, 81, 90, 94, 96, 97, 

Исходный массив:
63, 13, 41, 88, 77, 70, 39, 83, 0, 15, 84, 20, 0, 92, 34, 
Отсортированный массив:
0, 0, 13, 15, 20, 34, 39, 41, 63, 70, 77, 83, 84, 88, 92, 

Исходный массив:
38, 3, 84, 64, 48, 62, 73, 34, 44, 92, 59, 69, 3, 15, 59, 
Отсортированный массив:
3, 3, 15, 34, 38, 44, 48, 59, 59, 62, 64, 69, 73, 84, 92, 

Исходный массив:
62, 3, 77, 74, 89, 98, 53, 65, 29, 4, 72, 54, 72, 10, 79, 
Отсортированный массив:
3, 4, 10, 29, 53, 54, 62, 65, 72, 72, 74, 77, 79, 89, 98, 

Исходный массив:
62, 54, 93, 52, 5, 4, 65, 98, 73, 2, 32, 69, 67, 80, 62, 
Отсортированный массив:
2, 4, 5, 32, 52, 54, 62, 62, 65, 67, 69, 73, 80, 93, 98, 

Исходный массив:
1, 59, 54, 68, 1, 66, 0, 55, 92, 17, 81, 77, 93, 75, 49, 
Отсортированный массив:
0, 1, 1, 17, 49, 54, 55, 59, 66, 68, 75, 77, 81, 92, 93, 

